
Grid Size:
100

Destination Count:
10

Destination Locations:
(35.4739,85.5741) (56.6188,0.951942) (80.3018,41.5792) (88.6644,10.9748) (83.7894,24.2509) (99.6589,90.0176) (69.6065,89.9978) (77.1725,94.1103) (95.7857,72.849) (84.5036,92.169) 

Destination Probabilities: 
0.1 0.1 0.1 0.1 0.1 0.1 0.1 0.1 0.1 0.1 

Destination Average Durations: 
0.0941618 0.191202 0.573232 0.184715 0.117699 0.781843 0.883899 0.96882 0.835505 0.555798 

Lot Count:
8

Lot Locations:
(63.247,83.9885) (58.3493,26.5311) (37.1629,85.5903) (73.3056,36.8138) (93.7216,20.7609) (99.667,34.8223) (37.5328,30.9008) (31.8129,74.974) 

Lot Capacities:
5 5 5 5 5 5 5 5 

Lot Prices:
0.5 0.5 0.5 0.5 0.5 0.5 0.5 0.5 

Average Demand:
100

Driver Arrival Times:
0.0277068 0.0314106 0.0370205 0.0380089 0.0563513 0.0722878 0.0757817 0.0788075 0.107944 0.129412 0.13058 0.131677 0.155847 0.162529 0.218271 0.223831 0.227474 0.234574 0.241267 0.245894 0.247517 0.249483 0.258664 0.264296 0.264304 0.27183 0.29995 0.303471 0.314978 0.31655 0.325442 0.340931 0.365067 0.365763 0.420412 0.421997 0.433533 0.434492 0.447424 0.45013 0.458885 0.464457 0.469589 0.492194 0.508063 0.510265 0.513334 0.528866 0.530939 0.543794 0.546884 0.552946 0.554711 0.569864 0.572986 0.57312 0.588409 0.594588 0.599734 0.63212 0.648113 0.655395 0.666434 0.669259 0.670683 0.681982 0.685856 0.706212 0.717579 0.729302 0.744976 0.747302 0.760287 0.79094 0.792165 0.798336 0.815662 0.822882 0.824285 0.832181 0.854583 0.856114 0.857951 0.872218 0.874237 0.875371 0.883098 0.890603 0.899374 0.905403 0.911413 0.912751 0.917456 0.918179 0.92899 0.929036 0.932678 0.932814 0.974642 0.977017 0.995749 

Driver Count:
101

Driver Arrival Locations:
(96.5132,66.1756) (97.4186,20.509) (88.2752,27.6275) (65.6291,62.1577) (71.6239,92.7536) (16.8132,11.7828) (65.9902,69.5813) (73.4061,33.6219) (27.7698,44.7233) (48.8781,60.926) (75.875,73.5005) (22.1877,43.5534) (0.999407,67.8797) (85.253,79.292) (70.3704,9.37137) (13.7508,79.1743) (77.0104,35.8279) (21.9029,27.6835) (1.37339,33.8742) (17.7238,98.3193) (25.3036,85.615) (41.7417,48.0168) (56.6291,6.22111) (24.0067,23.1508) (56.9838,71.2417) (61.4162,68.9223) (31.9593,35.7205) (86.3852,97.2981) (19.4512,70.7296) (31.4463,78.1164) (71.0857,81.2223) (65.3759,10.8031) (4.57155,34.8989) (54.5163,97.7993) (68.6818,91.542) (33.933,89.9555) (85.1023,72.2695) (63.921,62.6932) (52.2676,74.499) (66.1856,63.7123) (56.251,69.9298) (32.8464,11.3942) (35.6381,99.8695) (0.32641,97.6578) (39.8357,81.2279) (87.0319,87.831) (11.4882,21.9882) (18.1898,3.32531) (12.9337,12.1181) (90.5122,76.1921) (73.3261,96.7545) (83.8166,70.887) (22.582,15.0395) (57.4426,11.6296) (46.0305,18.4073) (75.2784,45.01) (56.0892,33.2658) (14.1217,78.8904) (83.9325,5.43718) (11.7163,51.3813) (32.7023,73.4401) (59.1369,6.80756) (83.6943,73.777) (96.028,73.2968) (63.4615,21.2186) (50.4553,16.6336) (9.65408,2.48598) (37.1181,63.4472) (82.1549,34.7904) (26.7021,32.0183) (28.1729,34.8792) (14.4838,7.44023) (62.2311,46.1696) (79.7344,18.9493) (56.1564,23.9774) (12.0948,10.2446) (25.205,69.8603) (97.4605,47.8345) (9.84696,58.7309) (45.2775,33.7392) (30.2474,57.1512) (10.229,10.6762) (4.89087,48.8174) (29.5606,29.6135) (24.6918,83.0726) (69.824,33.8401) (88.9513,40.8854) (44.6419,77.2934) (13.0021,99.1642) (90.15,15.476) (38.651,79.7671) (20.2455,70.6726) (52.0259,91.5452) (42.574,19.979) (52.0732,98.641) (40.0079,2.10024) (19.5271,79.5136) (19.9439,94.2595) (75.8499,99.3466) (8.45352,81.626) (23.1242,48.9021) 

Driver Destinations:
9 8 6 0 3 9 2 3 3 8 6 5 4 9 5 7 3 1 0 3 5 6 0 7 9 5 9 5 7 0 8 3 0 4 0 3 6 6 8 4 7 3 2 6 0 4 3 1 6 5 0 3 3 5 2 1 5 1 0 7 4 5 4 4 5 8 5 4 4 3 7 3 8 0 1 6 0 2 6 6 7 0 9 1 6 4 8 7 1 2 8 5 3 3 0 4 0 1 2 1 4 

Driver Durations:
0.481054 0.414599 0.275399 0.00600996 0.136921 0.692488 0.0415052 0.336621 0.000461079 0.34217 0.235913 0.329646 0.111175 1.59996 0.225026 0.559601 0.365567 0.396964 0.0641463 0.112159 1.04139 0.150308 0.0209367 0.724886 0.541145 1.35413 0.196396 0.0332686 0.686484 0.000703291 0.275236 0.0417663 0.153397 0.393352 0.0178787 0.0229418 2.23961 1.10221 0.0655885 0.227619 1.60126 0.180773 0.429688 0.335443 0.091149 0.317556 0.0923657 0.778274 0.0972448 0.0395799 0.0302873 0.0810402 0.17702 3.09089 1.53098 0.27396 0.91213 0.219933 0.0496693 0.135745 0.0452945 0.248453 0.127192 0.10247 0.224288 0.16843 0.578225 0.38253 0.0105579 0.0466207 0.912414 0.079326 0.469827 0.0437888 0.143012 1.70904 0.0868537 0.0671679 1.06223 1.14923 0.444738 0.170263 0.584682 0.0285256 0.303621 0.00436175 3.82035 0.0807657 0.210124 0.0853501 0.957414 0.741855 0.166751 0.234185 0.153634 0.0630664 0.0493712 0.169957 0.277829 0.00971023 0.128355 

Driver Max Walking Distances:
63.9538 40.5247 59.8019 40.6873 17.7281 81.6237 88.8121 26.8439 62.8786 42.2989 5.21841 56.0303 4.84971 95.4283 70.864 29.7708 2.38972 70.4672 40.8141 43.9036 64.5419 99.468 70.6993 66.2 64.9891 4.77193 37.4878 57.5786 94.1322 56.9986 50.3526 12.4348 5.44995 94.108 91.3585 65.4575 45.9929 26.1924 19.8795 31.183 4.96666 72.2048 56.2574 27.2283 57.5827 48.7295 76.2409 4.92557 4.32284 33.352 6.50871 30.8241 39.7226 64.6493 19.2967 26.696 41.9654 42.9853 40.7097 91.5634 78.6576 45.9666 69.493 89.1418 23.5708 44.8156 0.423489 14.1046 60.5575 57.778 76.8815 60.9334 26.9911 86.205 56.2563 91.4097 68.1499 91.8779 32.9478 30.2222 36.7371 38.2615 46.6995 92.0499 86.2615 76.7063 92.5516 67.0178 41.5751 3.49765 45.2772 92.2859 50.4557 65.5336 69.5168 90.5655 96.0241 5.39668 16.0065 56.2565 14.5861 

Driver Max Prices:
0.098267 0.917508 0.35896 0.0814001 0.307931 0.745528 0.459084 0.991136 0.553502 0.183111 0.0354444 0.109468 0.189959 0.225094 0.451161 0.423886 0.405568 0.798748 0.0033971 0.929844 0.145527 0.196193 0.786684 0.820506 0.57595 0.563278 0.177703 0.181931 0.48696 0.105002 0.534396 0.613243 0.911705 0.285762 0.817708 0.313522 0.274095 0.153389 0.582831 0.898903 0.40754 0.458698 0.574007 0.0570599 0.288213 0.185024 0.0387734 0.793565 0.231405 0.0680042 0.501366 0.897855 0.21166 0.0575655 0.310272 0.870362 0.247993 0.128226 0.301347 0.612001 0.953211 0.420755 0.333175 0.744161 0.289558 0.266376 0.342917 0.904868 0.961192 0.558548 0.930409 0.373824 0.730897 0.521685 0.989146 0.985913 0.108435 0.875739 0.715584 0.860263 0.192839 0.983751 0.923728 0.519989 0.877845 0.356713 0.0794103 0.530746 0.237865 0.976034 0.445096 0.483356 0.488806 0.872931 0.745464 0.152866 0.423398 0.0903907 0.36166 0.0311141 0.614451 

Driver Importance Weight:
0.679716 0.878737 0.754746 0.125078 0.679192 0.139034 0.499536 0.673138 0.827626 0.574339 0.51886 0.335656 0.000456304 0.0907146 0.0285853 0.155163 0.476097 0.154494 0.601423 0.758155 0.28782 0.311107 0.5836 0.788327 0.262441 0.212165 0.59456 0.775433 0.852903 0.235019 0.304398 0.568075 0.769706 0.735371 0.633027 0.628594 0.0246354 0.0369393 0.860221 0.292118 0.300574 0.25607 0.579144 0.286066 0.461562 0.0210596 0.57228 0.977801 0.378322 0.672662 0.306714 0.877 0.924895 0.203794 0.770593 0.00773917 0.777502 0.920523 0.871886 0.814585 0.858924 0.142004 0.55769 0.357953 0.758645 0.608287 0.895026 0.61416 0.88668 0.468636 0.40219 0.563438 0.641184 0.963745 0.531303 0.63563 0.826675 0.0900613 0.407063 0.905871 0.815534 0.807454 0.440274 0.29555 0.170923 0.396383 0.37499 0.415017 0.154776 0.209728 0.597619 0.438798 0.0774669 0.544289 0.980166 0.00562449 0.96596 0.46692 0.402815 0.103158 0.742368 

